true, 2, 10000, 0 
LFSR, 2, 10000, 0
LD, 2, 10000, 0
true, 3, 10000, 0 
LFSR, 3, 10000, 0
LD, 3, 10000, 0
true, 4, 10000, 0 
LFSR, 4, 10000, 0
LD, 4, 10000, 0
true, 5, 10000, 0 
LFSR, 5, 10000, 0
LD, 5, 10000, 0
true, 6, 10000, 0 
LFSR, 6, 10000, 0
LD, 6, 10000, 0
true, 7, 10000, 0 
LFSR, 7, 10000, 0
LD, 7, 10000, 0
true, 8, 10000, 0 
LFSR, 8, 10000, 0
LD, 8, 10000, 0
true, 9, 10000, 0 
LFSR, 9, 10000, 0
LD, 9, 10000, 0
true, 10, 10000, 0 
LFSR, 10, 10000, 0
LD, 10, 10000, 0
true, 11, 10000, 0 
LFSR, 11, 10000, 0
LD, 11, 10000, 0
true, 12, 10000, 0 
LFSR, 12, 10000, 0
LD, 12, 10000, 0
true, 13, 10000, 0 
LFSR, 13, 10000, 0
LD, 13, 10000, 0
true, 14, 10000, 0 
LFSR, 14, 10000, 0
LD, 14, 10000, 0
true, 15, 10000, 0 
LFSR, 15, 10000, 0
LD, 15, 10000, 0
true, 16, 10000, 0 
LFSR, 16, 10000, 0
LD, 16, 10000, 0
true, 2, 10000, 1 
LFSR, 2, 10000, 1
LD, 2, 10000, 1
true, 3, 10000, 1 
LFSR, 3, 10000, 1
LD, 3, 10000, 1
true, 4, 10000, 1 
LFSR, 4, 10000, 1
LD, 4, 10000, 1
true, 5, 10000, 1 
LFSR, 5, 10000, 1
LD, 5, 10000, 1
true, 6, 10000, 1 
LFSR, 6, 10000, 1
LD, 6, 10000, 1
true, 7, 10000, 1 
LFSR, 7, 10000, 1
LD, 7, 10000, 1
true, 8, 10000, 1 
LFSR, 8, 10000, 1
LD, 8, 10000, 1
true, 9, 10000, 1 
LFSR, 9, 10000, 1
LD, 9, 10000, 1
true, 10, 10000, 1 
LFSR, 10, 10000, 1
LD, 10, 10000, 1
true, 11, 10000, 1 
LFSR, 11, 10000, 1
LD, 11, 10000, 1
true, 12, 10000, 1 
LFSR, 12, 10000, 1
LD, 12, 10000, 1
true, 13, 10000, 1 
LFSR, 13, 10000, 1
LD, 13, 10000, 1
true, 14, 10000, 1 
LFSR, 14, 10000, 1
LD, 14, 10000, 1
true, 15, 10000, 1 
LFSR, 15, 10000, 1
LD, 15, 10000, 1
true, 16, 10000, 1 
LFSR, 16, 10000, 1
LD, 16, 10000, 1