true, 2, 1000, 0 
LFSR, 2, 1000, 0
LD, 2, 1000, 0
true, 3, 1000, 0 
LFSR, 3, 1000, 0
LD, 3, 1000, 0
true, 4, 1000, 0 
LFSR, 4, 1000, 0
LD, 4, 1000, 0
true, 5, 1000, 0 
LFSR, 5, 1000, 0
LD, 5, 1000, 0
true, 6, 1000, 0 
LFSR, 6, 1000, 0
LD, 6, 1000, 0
true, 7, 1000, 0 
LFSR, 7, 1000, 0
LD, 7, 1000, 0
true, 8, 1000, 0 
LFSR, 8, 1000, 0
LD, 8, 1000, 0
true, 9, 1000, 0 
LFSR, 9, 1000, 0
LD, 9, 1000, 0
true, 10, 1000, 0 
LFSR, 10, 1000, 0
LD, 10, 1000, 0
true, 11, 1000, 0 
LFSR, 11, 1000, 0
LD, 11, 1000, 0
true, 12, 1000, 0 
LFSR, 12, 1000, 0
LD, 12, 1000, 0
true, 13, 1000, 0 
LFSR, 13, 1000, 0
LD, 13, 1000, 0
true, 14, 1000, 0 
LFSR, 14, 1000, 0
LD, 14, 1000, 0
true, 15, 1000, 0 
LFSR, 15, 1000, 0
LD, 15, 1000, 0
true, 16, 1000, 0 
LFSR, 16, 1000, 0
LD, 16, 1000, 0
true, 2, 1000, 1 
LFSR, 2, 1000, 1
LD, 2, 1000, 1
true, 3, 1000, 1 
LFSR, 3, 1000, 1
LD, 3, 1000, 1
true, 4, 1000, 1 
LFSR, 4, 1000, 1
LD, 4, 1000, 1
true, 5, 1000, 1 
LFSR, 5, 1000, 1
LD, 5, 1000, 1
true, 6, 1000, 1 
LFSR, 6, 1000, 1
LD, 6, 1000, 1
true, 7, 1000, 1 
LFSR, 7, 1000, 1
LD, 7, 1000, 1
true, 8, 1000, 1 
LFSR, 8, 1000, 1
LD, 8, 1000, 1
true, 9, 1000, 1 
LFSR, 9, 1000, 1
LD, 9, 1000, 1
true, 10, 1000, 1 
LFSR, 10, 1000, 1
LD, 10, 1000, 1
true, 11, 1000, 1 
LFSR, 11, 1000, 1
LD, 11, 1000, 1
true, 12, 1000, 1 
LFSR, 12, 1000, 1
LD, 12, 1000, 1
true, 13, 1000, 1 
LFSR, 13, 1000, 1
LD, 13, 1000, 1
true, 14, 1000, 1 
LFSR, 14, 1000, 1
LD, 14, 1000, 1
true, 15, 1000, 1 
LFSR, 15, 1000, 1
LD, 15, 1000, 1
true, 16, 1000, 1 
LFSR, 16, 1000, 1
LD, 16, 1000, 1